166 92 13
13 3 0 15 1 8 2 9 3 0 12 1 12 2 16 1 3 839 1 4 16 1 5 15 1 5 445 1 6 624 1 7 1541 1 3 3 12 8 32 9 44 10 29 11 32 12 45 13 44 14 19 15 37 16 36 17 46 18 47 19 40 12 8 26 9 34 10 34 11 30 12 13 13 31 14 24 15 12 16 24 17 14 18 28 19 25 1 20 16 6 21 194 22 107 23 87 24 220 25 185 26 229
13 3 0 17 1 8 2 17 3 0 13 1 6 2 9 1 3 385 1 4 44 1 5 22 1 5 852 1 6 805 1 7 2016 1 3 6 12 8 51 9 20 10 23 11 21 12 48 13 40 14 42 15 35 16 48 17 44 18 48 19 29 12 8 33 9 17 10 13 11 27 12 33 13 32 14 34 15 33 16 20 17 25 18 20 19 28 1 20 43 6 21 242 22 208 23 129 24 183 25 136 26 92
13 3 0 15 1 16 2 14 3 0 16 1 10 2 11 1 3 361 1 4 39 1 5 22 1 5 711 1 6 459 1 7 815 1 3 7 12 8 46 9 50 10 40 11 50 12 18 13 53 14 53 15 45 16 30 17 38 18 46 19 33 12 8 13 9 34 10 27 11 18 12 29 13 27 14 24 15 12 16 33 17 32 18 30 19 18 1 20 23 6 21 119 22 226 23 191 24 228 25 143 26 203
13 3 0 9 1 9 2 12 3 0 6 1 9 2 7 1 3 755 1 4 33 1 5 19 1 5 622 1 6 676 1 7 1014 1 3 7 12 8 51 9 46 10 45 11 40 12 45 13 39 14 40 15 40 16 23 17 18 18 30 19 23 12 8 28 9 23 10 33 11 20 12 25 13 30 14 30 15 31 16 13 17 31 18 14 19 28 1 20 37 6 21 206 22 157 23 220 24 203 25 208 26 161
13 3 0 37 1 39 2 22 3 0 151 1 68 2 97 1 3 94 1 4 107 1 5 35 1 5 353 1 6 668 1 7 1810 1 3 29 12 8 136 9 112 10 78 11 171 12 81 13 133 14 121 15 101 16 181 17 221 18 125 19 158 12 8 50 9 76 10 63 11 112 12 66 13 114 14 101 15 65 16 84 17 99 18 55 19 53 1 20 61 6 21 154 22 118 23 163 24 211 25 210 26 121
13 3 0 56 1 61 2 31 3 0 144 1 154 2 55 1 3 86 1 4 173 1 5 94 1 5 586 1 6 360 1 7 1373 1 3 29 12 8 170 9 194 10 109 11 206 12 115 13 79 14 187 15 143 16 201 17 133 18 205 19 215 12 8 115 9 65 10 126 11 58 12 117 13 98 14 66 15 124 16 128 17 83 18 71 19 123 1 20 59 6 21 183 22 180 23 200 24 139 25 255 26 113
13 3 0 56 1 45 2 61 3 0 100 1 100 2 101 1 3 75 1 4 70 1 5 54 1 5 824 1 6 951 1 7 1666 1 3 51 12 8 120 9 102 10 135 11 132 12 102 13 208 14 106 15 173 16 122 17 75 18 120 19 212 12 8 84 9 59 10 102 11 56 12 118 13 115 14 58 15 104 16 106 17 109 18 94 19 107 1 20 143 6 21 244 22 197 23 177 24 215 25 197 26 112
13 3 0 21 1 24 2 54 3 0 65 1 87 2 121 1 3 203 1 4 95 1 5 89 1 5 434 1 6 534 1 7 1208 1 3 50 12 8 92 9 138 10 81 11 97 12 196 13 118 14 96 15 113 16 209 17 115 18 84 19 171 12 8 78 9 76 10 125 11 66 12 99 13 79 14 56 15 51 16 117 17 118 18 76 19 68 1 20 100 6 21 199 22 142 23 230 24 92 25 174 26 165
13 3 0 38 1 36 2 44 3 0 118 1 110 2 73 1 3 192 1 4 147 1 5 92 1 5 921 1 6 470 1 7 1077 1 3 26 12 8 94 9 112 10 218 11 204 12 163 13 134 14 173 15 144 16 81 17 118 18 116 19 149 12 8 107 9 88 10 112 11 78 12 114 13 132 14 121 15 90 16 74 17 109 18 103 19 96 1 20 102 6 21 250 22 129 23 225 24 140 25 208 26 251
13 3 0 62 1 35 2 35 3 0 55 1 145 2 139 1 3 200 1 4 130 1 5 60 1 5 408 1 6 992 1 7 759 1 3 22 12 8 189 9 77 10 83 11 155 12 219 13 108 14 214 15 128 16 103 17 111 18 194 19 100 12 8 81 9 67 10 111 11 52 12 113 13 111 14 47 15 96 16 109 17 83 18 127 19 134 1 20 85 6 21 184 22 151 23 161 24 90 25 100 26 98
13 3 0 56 1 21 2 58 3 0 135 1 91 2 141 1 3 124 1 4 156 1 5 58 1 5 788 1 6 751 1 7 814 1 3 27 12 8 85 9 182 10 83 11 98 12 91 13 142 14 89 15 220 16 209 17 175 18 119 19 94 12 8 56 9 119 10 108 11 80 12 105 13 92 14 116 15 122 16 59 17 79 18 91 19 130 1 20 112 6 21 171 22 156 23 255 24 210 25 211 26 212
13 3 0 49 1 38 2 40 3 0 139 1 76 2 141 1 3 161 1 4 71 1 5 58 1 5 586 1 6 480 1 7 948 1 3 22 12 8 153 9 121 10 168 11 120 12 136 13 182 14 120 15 86 16 100 17 215 18 201 19 120 12 8 85 9 114 10 71 11 134 12 87 13 73 14 90 15 133 16 53 17 134 18 47 19 65 1 20 116 6 21 243 22 236 23 141 24 164 25 255 26 204
13 3 0 46 1 56 2 54 3 0 159 1 141 2 102 1 3 214 1 4 147 1 5 61 1 5 761 1 6 968 1 7 925 1 3 43 12 8 115 9 161 10 156 11 221 12 166 13 196 14 206 15 137 16 136 17 214 18 120 19 167 12 8 70 9 59 10 73 11 48 12 120 13 47 14 49 15 69 16 107 17 93 18 112 19 90 1 20 103 6 21 149 22 138 23 259 24 193 25 198 26 228
9 3 0 234 1 367 2 132 3 0 114 1 112 2 164 1 5 374 1 27 37 1 28 35 12 8 143 9 79 10 162 11 145 12 101 13 152 14 219 15 88 16 214 17 227 18 118 19 148 1 20 80 2 29 56 30 78 6 21 76 22 191 23 174 24 167 25 155 26 91
9 3 0 183 1 170 2 144 3 0 217 1 144 2 103 1 5 227 1 27 62 1 28 76 12 8 79 9 161 10 150 11 227 12 219 13 167 14 225 15 83 16 162 17 188 18 107 19 152 1 20 131 2 29 90 30 76 6 21 111 22 158 23 82 24 177 25 167 26 134
9 3 0 354 1 130 2 178 3 0 170 1 81 2 180 1 5 230 1 27 29 1 28 67 12 8 154 9 152 10 226 11 222 12 96 13 229 14 170 15 185 16 103 17 232 18 130 19 230 1 20 140 2 29 117 30 70 6 21 100 22 204 23 122 24 88 25 80 26 179
9 3 0 185 1 365 2 235 3 0 167 1 141 2 197 1 5 311 1 27 77 1 28 92 12 8 184 9 210 10 201 11 94 12 213 13 223 14 81 15 129 16 153 17 150 18 139 19 134 1 20 176 2 29 108 30 60 6 21 109 22 94 23 77 24 160 25 151 26 72
9 3 0 304 1 238 2 179 3 0 90 1 236 2 145 1 5 312 1 27 29 1 28 59 12 8 185 9 145 10 129 11 116 12 204 13 192 14 122 15 115 16 227 17 233 18 180 19 212 1 20 97 2 29 76 30 98 6 21 200 22 92 23 201 24 70 25 187 26 125
9 3 0 169 1 201 2 263 3 0 106 1 221 2 217 1 5 205 1 27 34 1 28 80 12 8 160 9 119 10 173 11 80 12 233 13 233 14 182 15 199 16 171 17 99 18 92 19 111 1 20 84 2 29 46 30 49 6 21 194 22 107 23 148 24 165 25 92 26 197
9 3 0 242 1 355 2 131 3 0 199 1 208 2 96 1 5 259 1 27 51 1 28 77 12 8 212 9 117 10 82 11 173 12 218 13 83 14 178 15 141 16 173 17 80 18 226 19 92 1 20 115 2 29 117 30 92 6 21 163 22 78 23 135 24 176 25 70 26 89
9 3 0 168 1 348 2 204 3 0 99 1 171 2 86 1 5 411 1 27 49 1 28 43 12 8 169 9 107 10 79 11 139 12 174 13 177 14 114 15 98 16 178 17 118 18 131 19 129 1 20 212 2 29 89 30 45 6 21 117 22 185 23 97 24 156 25 130 26 78
9 3 0 330 1 163 2 295 3 0 101 1 210 2 89 1 5 275 1 27 43 1 28 44 12 8 139 9 173 10 203 11 86 12 227 13 211 14 189 15 133 16 167 17 232 18 146 19 125 1 20 217 2 29 80 30 54 6 21 102 22 147 23 111 24 185 25 206 26 196
9 3 0 234 1 180 2 219 3 0 226 1 135 2 182 1 5 447 1 27 79 1 28 50 12 8 162 9 128 10 171 11 140 12 88 13 99 14 200 15 211 16 228 17 92 18 194 19 219 1 20 220 2 29 69 30 69 6 21 117 22 146 23 96 24 156 25 108 26 162
9 3 0 238 1 136 2 199 3 0 228 1 97 2 182 1 5 192 1 27 70 1 28 73 12 8 126 9 145 10 198 11 164 12 148 13 216 14 116 15 151 16 158 17 136 18 150 19 201 1 20 191 2 29 82 30 43 6 21 98 22 129 23 157 24 123 25 84 26 164
9 3 0 242 1 213 2 359 3 0 114 1 151 2 117 1 5 150 1 27 66 1 28 77 12 8 194 9 84 10 225 11 227 12 183 13 209 14 209 15 184 16 89 17 108 18 171 19 192 1 20 123 2 29 71 30 64 6 21 77 22 80 23 86 24 180 25 161 26 167
9 3 0 219 1 261 2 242 3 0 190 1 153 2 226 1 5 305 1 27 56 1 28 45 12 8 230 9 163 10 153 11 189 12 216 13 114 14 231 15 107 16 100 17 190 18 160 19 206 1 20 191 2 29 53 30 121 6 21 201 22 144 23 192 24 136 25 148 26 111
9 3 0 173 1 214 2 161 3 0 236 1 230 2 135 1 5 344 1 27 48 1 28 84 12 8 103 9 90 10 126 11 147 12 169 13 131 14 90 15 196 16 219 17 150 18 177 19 147 1 20 81 2 29 101 30 65 6 21 126 22 155 23 85 24 118 25 178 26 179
9 3 0 128 1 267 2 292 3 0 91 1 114 2 130 1 5 412 1 27 32 1 28 84 12 8 89 9 206 10 131 11 91 12 176 13 90 14 130 15 123 16 173 17 185 18 100 19 210 1 20 149 2 29 103 30 99 6 21 138 22 199 23 196 24 75 25 201 26 81
9 3 0 161 1 255 2 377 3 0 208 1 106 2 161 1 5 371 1 27 40 1 28 40 12 8 218 9 179 10 218 11 203 12 180 13 105 14 149 15 187 16 224 17 196 18 107 19 87 1 20 181 2 29 123 30 87 6 21 160 22 123 23 151 24 180 25 104 26 90
9 1 31 46 1 4 113 1 31 16 1 27 77 1 32 13 1 33 18 5 34 57 0 82 1 80 2 47 3 68 1 28 37 1 35 9
9 1 31 59 1 4 126 1 31 17 1 27 63 1 32 26 1 33 48 5 34 75 0 80 1 66 2 36 3 38 1 28 41 1 35 13
9 1 31 71 1 4 94 1 31 16 1 27 82 1 32 17 1 33 36 5 34 75 0 70 1 65 2 42 3 45 1 28 36 1 35 7
9 1 31 101 1 4 91 1 31 8 1 27 45 1 32 13 1 33 38 5 34 30 0 68 1 80 2 88 3 48 1 28 77 1 35 12
9 1 31 62 1 4 129 1 31 7 1 27 38 1 32 12 1 33 30 5 34 46 0 39 1 64 2 82 3 85 1 28 42 1 35 11
9 1 31 79 1 4 134 1 31 8 1 27 70 1 32 14 1 33 48 5 34 55 0 85 1 46 2 49 3 51 1 28 75 1 35 13
9 1 31 122 1 4 147 1 31 10 1 27 104 1 32 26 1 33 32 5 34 50 0 59 1 44 2 74 3 72 1 28 71 1 35 13
9 1 31 116 1 4 130 1 31 12 1 27 53 1 32 14 1 33 38 5 34 45 0 87 1 38 2 43 3 64 1 28 71 1 35 8
9 1 31 82 1 4 151 1 31 11 1 27 96 1 32 9 1 33 20 5 34 51 0 32 1 34 2 77 3 37 1 28 34 1 35 11
9 1 31 114 1 4 154 1 31 13 1 27 95 1 32 18 1 33 22 5 34 73 0 58 1 37 2 58 3 82 1 28 52 1 35 11
9 1 31 111 1 4 124 1 31 13 1 27 53 1 32 11 1 33 22 5 34 76 0 32 1 62 2 78 3 85 1 28 51 1 35 16
9 1 31 122 1 4 104 1 31 17 1 27 86 1 32 12 1 33 34 5 34 37 0 30 1 68 2 37 3 77 1 28 37 1 35 12
9 1 31 103 1 4 134 1 31 11 1 27 101 1 32 9 1 33 47 5 34 85 0 77 1 52 2 46 3 46 1 28 39 1 35 16
9 1 31 122 1 4 85 1 31 16 1 27 73 1 32 14 1 33 44 5 34 66 0 54 1 51 2 59 3 62 1 28 59 1 35 13
9 1 31 67 1 4 120 1 31 10 1 27 87 1 32 16 1 33 50 5 34 81 0 77 1 56 2 40 3 59 1 28 60 1 35 14
9 1 31 99 1 4 151 1 31 12 1 27 98 1 32 13 1 33 20 5 34 50 0 45 1 33 2 84 3 48 1 28 71 1 35 17
9 1 31 124 1 4 69 1 31 17 1 27 40 1 32 14 1 33 22 5 34 49 0 62 1 33 2 76 3 60 1 28 69 1 35 11
9 1 31 112 1 4 96 1 31 15 1 27 66 1 32 22 1 33 21 5 34 45 0 79 1 37 2 85 3 62 1 28 36 1 35 7
9 1 31 49 1 4 120 1 31 11 1 27 77 1 32 23 1 33 28 5 34 37 0 75 1 67 2 47 3 62 1 28 53 1 35 11
9 1 31 92 1 4 152 1 31 7 1 27 98 1 32 19 1 33 36 5 34 31 0 31 1 38 2 33 3 73 1 28 76 1 35 8
9 1 31 112 1 4 117 1 31 7 1 27 82 1 32 14 1 33 48 5 34 30 0 51 1 55 2 78 3 57 1 28 80 1 35 14
9 1 31 129 1 4 159 1 31 16 1 27 97 1 32 10 1 33 19 5 34 76 0 48 1 85 2 83 3 76 1 28 52 1 35 16
9 1 31 86 1 4 146 1 31 14 1 27 91 1 32 24 1 33 22 5 34 79 0 50 1 39 2 80 3 84 1 28 56 1 35 11
9 1 31 82 1 4 143 1 31 11 1 27 97 1 32 21 1 33 48 5 34 62 0 30 1 35 2 43 3 89 1 28 27 1 35 11
9 1 31 81 1 4 148 1 31 17 1 27 92 1 32 11 1 33 43 5 34 35 0 88 1 59 2 34 3 56 1 28 43 1 35 16
9 1 31 86 1 4 63 1 31 12 1 27 78 1 32 17 1 33 36 5 34 43 0 30 1 54 2 32 3 74 1 28 67 1 35 7
9 1 31 76 1 4 65 1 31 15 1 27 95 1 32 16 1 33 22 5 34 83 0 35 1 34 2 48 3 38 1 28 68 1 35 6
9 1 31 92 1 4 61 1 31 11 1 27 73 1 32 13 1 33 48 5 34 88 0 38 1 83 2 34 3 80 1 28 65 1 35 6
6 13 36 26 37 18 38 22 39 28 40 21 41 24 42 19 43 13 44 12 45 12 46 14 47 22 48 27 2 49 218 50 198 1 51 95 1 52 67 2 53 82 54 123 7 36 387 37 479 38 322 39 757 40 650 41 590 42 422
6 13 36 16 37 35 38 15 39 28 40 19 41 31 42 28 43 17 44 14 45 14 46 23 47 32 48 27 2 49 135 50 202 1 51 151 1 52 46 2 53 145 54 161 7 36 275 37 601 38 630 39 675 40 552 41 364 42 312
6 13 36 16 37 15 38 21 39 24 40 16 41 32 42 12 43 22 44 21 45 31 46 15 47 19 48 31 2 49 187 50 133 1 51 72 1 52 42 2 53 151 54 91 7 36 388 37 386 38 481 39 485 40 674 41 601 42 554
6 13 36 34 37 28 38 20 39 33 40 23 41 33 42 19 43 32 44 31 45 17 46 21 47 18 48 21 2 49 153 50 145 1 51 63 1 52 79 2 53 172 54 133 7 36 518 37 271 38 278 39 343 40 270 41 542 42 499
6 13 36 32 37 28 38 12 39 22 40 35 41 17 42 24 43 15 44 27 45 33 46 23 47 21 48 32 2 49 87 50 99 1 51 118 1 52 29 2 53 147 54 73 7 36 376 37 472 38 475 39 652 40 382 41 660 42 567
6 13 36 25 37 31 38 28 39 32 40 22 41 14 42 13 43 19 44 16 45 26 46 29 47 24 48 34 2 49 221 50 181 1 51 66 1 52 66 2 53 100 54 127 7 36 699 37 560 38 319 39 416 40 316 41 631 42 269
6 13 36 22 37 30 38 21 39 17 40 35 41 20 42 33 43 29 44 35 45 19 46 30 47 33 48 21 2 49 217 50 160 1 51 64 1 52 73 2 53 149 54 67 7 36 320 37 760 38 437 39 631 40 509 41 738 42 464
6 13 36 22 37 34 38 28 39 15 40 13 41 14 42 21 43 21 44 35 45 30 46 31 47 34 48 24 2 49 223 50 183 1 51 155 1 52 48 2 53 114 54 163 7 36 433 37 436 38 506 39 509 40 398 41 562 42 372
6 13 36 23 37 24 38 25 39 35 40 24 41 28 42 24 43 25 44 14 45 18 46 25 47 17 48 23 2 49 77 50 117 1 51 74 1 52 46 2 53 112 54 169 7 36 291 37 685 38 727 39 609 40 334 41 402 42 406
6 13 36 16 37 22 38 34 39 26 40 33 41 30 42 20 43 27 44 28 45 28 46 24 47 13 48 30 2 49 146 50 109 1 51 124 1 52 61 2 53 112 54 143 7 36 524 37 586 38 444 39 644 40 756 41 544 42 364
6 13 36 18 37 17 38 34 39 18 40 26 41 19 42 15 43 23 44 22 45 17 46 31 47 23 48 22 2 49 200 50 123 1 51 168 1 52 73 2 53 113 54 146 7 36 475 37 708 38 595 39 697 40 621 41 361 42 630
6 13 36 18 37 23 38 27 39 21 40 12 41 31 42 14 43 33 44 14 45 34 46 35 47 14 48 27 2 49 191 50 211 1 51 140 1 52 63 2 53 67 54 87 7 36 425 37 367 38 426 39 738 40 678 41 321 42 696
6 13 36 16 37 20 38 28 39 15 40 21 41 18 42 14 43 12 44 34 45 21 46 27 47 14 48 26 2 49 79 50 212 1 51 122 1 52 65 2 53 76 54 80 7 36 670 37 275 38 694 39 318 40 642 41 359 42 578
6 13 36 29 37 22 38 24 39 29 40 27 41 32 42 31 43 16 44 22 45 21 46 28 47 21 48 18 2 49 215 50 141 1 51 140 1 52 52 2 53 115 54 106 7 36 447 37 285 38 395 39 482 40 450 41 509 42 579
6 13 36 24 37 21 38 29 39 14 40 33 41 22 42 33 43 22 44 29 45 17 46 30 47 24 48 23 2 49 197 50 138 1 51 117 1 52 74 2 53 120 54 131 7 36 608 37 285 38 759 39 646 40 612 41 285 42 764
6 13 36 30 37 15 38 23 39 29 40 29 41 21 42 16 43 29 44 33 45 31 46 27 47 14 48 15 2 49 217 50 114 1 51 87 1 52 37 2 53 104 54 149 7 36 763 37 758 38 431 39 684 40 729 41 704 42 419
6 13 36 24 37 29 38 30 39 14 40 19 41 34 42 21 43 13 44 35 45 17 46 18 47 16 48 27 2 49 186 50 208 1 51 96 1 52 43 2 53 138 54 149 7 36 624 37 326 38 690 39 686 40 283 41 387 42 259
6 13 36 27 37 20 38 31 39 18 40 21 41 35 42 14 43 33 44 15 45 27 46 32 47 24 48 26 2 49 121 50 166 1 51 170 1 52 36 2 53 102 54 122 7 36 560 37 398 38 502 39 396 40 584 41 577 42 514
6 13 36 13 37 28 38 33 39 14 40 19 41 27 42 19 43 35 44 14 45 14 46 32 47 34 48 26 2 49 196 50 101 1 51 85 1 52 30 2 53 91 54 127 7 36 621 37 475 38 307 39 527 40 761 41 419 42 329
6 13 36 19 37 18 38 31 39 27 40 13 41 24 42 31 43 29 44 15 45 18 46 15 47 27 48 33 2 49 165 50 184 1 51 168 1 52 77 2 53 117 54 148 7 36 547 37 690 38 279 39 717 40 403 41 746 42 345
4 5 55 5052 56 5004 57 2674 58 2783 59 2353 1 60 297 1 61 511 2 62 397 63 262
4 5 55 2588 56 3478 57 3804 58 3312 59 3374 1 60 256 1 61 957 2 62 206 63 438
4 5 55 5585 56 2349 57 2053 58 3904 59 2401 1 60 299 1 61 756 2 62 216 63 314
4 5 55 2380 56 2020 57 2389 58 3988 59 4666 1 60 470 1 61 911 2 62 315 63 176
4 5 55 4157 56 3161 57 2738 58 3959 59 1907 1 60 252 1 61 818 2 62 337 63 442
4 5 55 5050 56 3523 57 4244 58 5352 59 2738 1 60 357 1 61 769 2 62 343 63 184
4 5 55 4786 56 3886 57 4311 58 2832 59 3329 1 60 355 1 61 709 2 62 411 63 450
4 1 60 32 1 64 1201 1 64 197 2 62 189 63 146
6 6 65 37 66 61 67 38 68 54 69 28 70 30 6 65 283 66 510 67 401 68 514 69 196 70 545 6 65 577 66 239 67 562 68 601 69 266 70 318 1 71 44 1 6 443 2 72 471 73 606
6 6 65 55 66 46 67 39 68 53 69 51 70 31 6 65 226 66 543 67 469 68 529 69 186 70 414 6 65 215 66 302 67 356 68 578 69 436 70 476 1 71 61 1 6 413 2 72 642 73 516
6 6 65 55 66 56 67 24 68 24 69 61 70 26 6 65 509 66 294 67 288 68 299 69 461 70 234 6 65 429 66 451 67 298 68 483 69 476 70 540 1 71 65 1 6 526 2 72 1036 73 1117
6 6 65 52 66 52 67 27 68 38 69 30 70 40 6 65 266 66 436 67 188 68 458 69 524 70 544 6 65 553 66 366 67 296 68 291 69 424 70 405 1 71 46 1 6 289 2 72 685 73 468
6 6 65 24 66 57 67 36 68 36 69 36 70 22 6 65 280 66 515 67 505 68 526 69 226 70 251 6 65 441 66 383 67 262 68 224 69 265 70 219 1 71 74 1 6 512 2 72 967 73 915
6 6 65 57 66 50 67 24 68 59 69 54 70 60 6 65 188 66 238 67 463 68 261 69 494 70 274 6 65 374 66 467 67 251 68 297 69 512 70 221 1 71 51 1 6 383 2 72 613 73 642
6 6 65 36 66 49 67 30 68 46 69 21 70 41 6 65 198 66 192 67 474 68 391 69 442 70 373 6 65 344 66 344 67 504 68 376 69 501 70 483 1 71 52 1 6 500 2 72 931 73 1127
6 6 65 32 66 29 67 37 68 61 69 38 70 47 6 65 551 66 211 67 219 68 282 69 310 70 290 6 65 232 66 497 67 326 68 424 69 345 70 561 1 71 59 1 6 330 2 72 712 73 453
6 6 65 33 66 21 67 30 68 24 69 27 70 40 6 65 490 66 417 67 335 68 277 69 197 70 286 6 65 440 66 517 67 349 68 374 69 231 70 214 1 71 56 1 6 645 2 72 1019 73 1052
6 6 65 37 66 32 67 41 68 43 69 25 70 36 6 65 373 66 537 67 251 68 534 69 231 70 352 6 65 443 66 431 67 316 68 302 69 242 70 389 1 71 86 1 6 585 2 72 413 73 1166
5 6 65 460 66 226 67 213 68 207 69 305 70 290 6 65 468 66 423 67 456 68 379 69 600 70 209 1 71 68 1 6 579 2 72 927 73 593
6 6 65 23 66 50 67 39 68 37 69 26 70 51 6 65 437 66 287 67 250 68 531 69 485 70 441 6 65 487 66 229 67 539 68 502 69 409 70 306 1 71 69 1 6 245 2 72 1168 73 620
6 6 65 55 66 57 67 60 68 49 69 36 70 60 6 65 278 66 521 67 473 68 197 69 495 70 368 6 65 402 66 391 67 449 68 370 69 270 70 273 1 71 70 1 6 375 2 72 1011 73 842
6 6 65 56 66 31 67 29 68 50 69 43 70 37 6 65 515 66 507 67 246 68 474 69 221 70 451 6 65 383 66 382 67 354 68 530 69 409 70 399 1 71 56 1 6 581 2 72 679 73 784
6 6 65 25 66 45 67 44 68 58 69 35 70 42 6 65 451 66 387 67 433 68 458 69 514 70 242 6 65 402 66 586 67 432 68 482 69 404 70 416 1 71 52 1 6 424 2 72 1022 73 543
6 6 65 21 66 29 67 32 68 61 69 50 70 29 6 65 225 66 312 67 245 68 273 69 212 70 464 6 65 505 66 315 67 493 68 586 69 375 70 311 1 71 57 1 6 573 2 72 1160 73 464
6 6 65 43 66 47 67 37 68 58 69 34 70 27 6 65 300 66 369 67 450 68 301 69 373 70 344 6 65 325 66 234 67 236 68 407 69 593 70 393 1 71 76 1 6 507 2 72 398 73 617
6 6 65 42 66 59 67 28 68 38 69 26 70 58 6 65 354 66 205 67 532 68 287 69 447 70 453 6 65 433 66 518 67 593 68 492 69 436 70 480 1 71 83 1 6 271 2 72 925 73 454
6 6 65 52 66 58 67 43 68 47 69 58 70 62 6 65 313 66 415 67 277 68 476 69 221 70 445 6 65 502 66 227 67 520 68 524 69 281 70 506 1 71 71 1 6 655 2 72 698 73 1030
6 6 65 50 66 54 67 57 68 27 69 62 70 32 6 65 255 66 449 67 460 68 247 69 521 70 271 6 65 466 66 460 67 519 68 414 69 218 70 488 1 71 68 1 6 654 2 72 974 73 912
6 6 65 53 66 60 67 40 68 56 69 42 70 56 6 65 541 66 271 67 523 68 191 69 546 70 462 6 65 388 66 291 67 277 68 455 69 223 70 201 1 71 60 1 6 442 2 72 1114 73 489
6 6 65 62 66 44 67 30 68 56 69 34 70 59 6 65 271 66 290 67 494 68 425 69 446 70 491 6 65 390 66 228 67 473 68 253 69 377 70 586 1 71 39 1 6 394 2 72 580 73 676
6 6 65 25 66 50 67 51 68 45 69 32 70 47 6 65 456 66 539 67 287 68 265 69 514 70 384 6 65 316 66 213 67 207 68 418 69 232 70 267 1 71 64 1 6 553 2 72 432 73 701
6 6 65 49 66 27 67 23 68 23 69 36 70 29 6 65 482 66 245 67 408 68 312 69 192 70 209 6 65 365 66 255 67 556 68 576 69 491 70 378 1 71 67 1 6 400 2 72 736 73 429
6 6 65 62 66 58 67 29 68 25 69 59 70 62 6 65 340 66 462 67 508 68 301 69 187 70 314 6 65 556 66 555 67 477 68 287 69 542 70 220 1 71 39 1 6 632 2 72 507 73 829
6 6 65 46 66 28 67 42 68 21 69 45 70 47 6 65 300 66 243 67 482 68 308 69 295 70 233 6 65 549 66 303 67 473 68 237 69 337 70 317 1 71 85 1 6 553 2 72 948 73 1069
6 6 65 50 66 22 67 26 68 34 69 61 70 42 6 65 370 66 223 67 483 68 521 69 379 70 461 6 65 463 66 473 67 570 68 266 69 479 70 586 1 71 61 1 6 385 2 72 665 73 850
6 6 65 26 66 46 67 29 68 62 69 31 70 44 6 65 199 66 553 67 386 68 539 69 285 70 301 6 65 388 66 529 67 532 68 393 69 346 70 325 1 71 66 1 6 348 2 72 534 73 483
6 6 65 41 66 31 67 35 68 41 69 61 70 60 6 65 293 66 551 67 260 68 352 69 380 70 333 6 65 254 66 602 67 544 68 410 69 409 70 588 1 71 77 1 6 388 2 72 766 73 505
6 6 65 55 66 33 67 49 68 22 69 37 70 51 6 65 502 66 533 67 199 68 360 69 301 70 519 6 65 493 66 203 67 444 68 364 69 228 70 350 1 71 70 1 6 631 2 72 708 73 599
6 6 65 30 66 32 67 28 68 60 69 61 70 26 6 65 186 66 497 67 535 68 521 69 264 70 365 6 65 282 66 460 67 532 68 576 69 570 70 479 1 71 82 1 6 272 2 72 1098 73 637
6 6 65 52 66 30 67 24 68 25 69 44 70 39 6 65 499 66 436 67 383 68 308 69 308 70 205 6 65 482 66 317 67 293 68 540 69 516 70 271 1 71 69 1 6 383 2 72 843 73 1025
6 14 8 108 9 212 10 213 11 115 12 241 13 113 14 144 15 165 16 176 17 123 18 98 19 123 74 93 75 242 14 8 220 9 185 10 282 11 148 12 134 13 120 14 168 15 129 16 314 17 195 18 250 19 276 74 126 75 257 2 29 115 30 76 2 29 188 30 81 2 29 48 30 46 2 29 279 30 198
6 14 8 134 9 161 10 196 11 151 12 218 13 132 14 83 15 145 16 169 17 102 18 190 19 213 74 184 75 93 14 8 175 9 265 10 258 11 161 12 177 13 206 14 142 15 321 16 133 17 246 18 259 19 197 74 251 75 214 2 29 132 30 153 2 29 96 30 234 2 29 52 30 39 2 29 130 30 161
6 14 8 177 9 82 10 239 11 214 12 111 13 183 14 199 15 146 16 207 17 230 18 161 19 102 74 220 75 150 14 8 323 9 170 10 269 11 320 12 156 13 289 14 166 15 285 16 306 17 129 18 236 19 130 74 300 75 137 2 29 119 30 136 2 29 129 30 183 2 29 75 30 59 2 29 219 30 221
6 14 8 98 9 138 10 128 11 126 12 86 13 157 14 106 15 81 16 193 17 239 18 107 19 86 74 106 75 120 14 8 316 9 197 10 241 11 141 12 172 13 205 14 300 15 147 16 141 17 109 18 294 19 286 74 178 75 108 2 29 70 30 102 2 29 87 30 91 2 29 73 30 40 2 29 144 30 287
6 14 8 155 9 161 10 154 11 171 12 149 13 193 14 224 15 139 16 87 17 193 18 153 19 86 74 194 75 175 14 8 180 9 220 10 307 11 222 12 245 13 269 14 247 15 122 16 161 17 213 18 147 19 177 74 315 75 199 2 29 119 30 88 2 29 170 30 139 2 29 52 30 40 2 29 239 30 221
6 14 8 189 9 186 10 172 11 133 12 169 13 88 14 102 15 162 16 135 17 146 18 88 19 219 74 89 75 120 14 8 307 9 293 10 140 11 271 12 147 13 284 14 117 15 164 16 288 17 180 18 282 19 245 74 193 75 115 2 29 118 30 130 2 29 209 30 199 2 29 49 30 69 2 29 162 30 199
6 14 8 201 9 121 10 125 11 210 12 170 13 91 14 217 15 173 16 118 17 160 18 218 19 202 74 239 75 187 14 8 318 9 253 10 122 11 294 12 239 13 136 14 176 15 286 16 255 17 270 18 115 19 309 74 263 75 305 2 29 148 30 148 2 29 120 30 115 2 29 59 30 38 2 29 268 30 243
6 14 8 179 9 87 10 85 11 127 12 207 13 207 14 100 15 192 16 236 17 167 18 183 19 174 74 144 75 156 14 8 146 9 298 10 273 11 183 12 219 13 257 14 285 15 211 16 223 17 196 18 238 19 157 74 147 75 291 2 29 56 30 65 2 29 107 30 138 2 29 57 30 40 2 29 200 30 164
5 14 8 212 9 200 10 102 11 107 12 111 13 156 14 119 15 140 16 201 17 150 18 158 19 88 74 114 75 115 14 8 341 9 617 10 389 11 574 12 394 13 500 14 769 15 513 16 837 17 623 18 880 19 685 74 428 75 755 2 29 201 30 311 2 29 159 30 306 2 29 215 30 170
5 14 8 95 9 227 10 207 11 175 12 148 13 120 14 113 15 138 16 86 17 220 18 140 19 210 74 195 75 118 14 8 453 9 744 10 805 11 573 12 636 13 574 14 566 15 540 16 391 17 758 18 308 19 697 74 392 75 327 2 29 284 30 183 2 29 315 30 173 2 29 257 30 228
5 14 8 178 9 151 10 91 11 92 12 127 13 144 14 108 15 168 16 119 17 112 18 238 19 151 74 198 75 85 14 8 491 9 662 10 593 11 441 12 439 13 382 14 791 15 422 16 492 17 652 18 734 19 849 74 342 75 302 2 29 201 30 230 2 29 289 30 156 2 29 315 30 218
5 14 8 236 9 220 10 112 11 226 12 140 13 176 14 226 15 122 16 94 17 168 18 133 19 92 74 162 75 186 14 8 696 9 603 10 644 11 859 12 740 13 603 14 861 15 431 16 835 17 302 18 799 19 674 74 887 75 351 2 29 210 30 171 2 29 167 30 134 2 29 244 30 259
10 3 55 1675 56 1574 57 1357 3 55 676 56 876 57 420 3 55 1279 56 1082 57 1124 3 55 1841 56 2051 57 1175 3 55 2509 56 1758 57 2141 3 55 2340 56 2222 57 1135 1 60 159 1 61 394 1 76 524 2 62 219 63 227
9 3 55 1152 56 983 57 1658 3 55 482 56 1186 57 659 3 55 569 56 1106 57 545 3 55 3156 56 2132 57 1649 3 55 2342 56 1496 57 1118 3 55 2724 56 2241 57 1454 1 60 191 1 61 802 2 62 318 63 374
10 3 55 1583 56 1137 57 1052 3 55 1189 56 943 57 654 3 55 566 56 1028 57 598 3 55 1629 56 1093 57 1080 3 55 1003 56 2526 57 2654 3 55 1204 56 2648 57 1425 1 60 148 1 61 959 1 76 550 2 62 245 63 437
9 3 55 892 56 686 57 1515 3 55 994 56 976 57 1082 3 55 1257 56 601 57 1174 3 55 2565 56 2925 57 1464 3 55 1978 56 2578 57 1510 3 55 2864 56 1049 57 1115 1 60 170 1 61 619 2 62 240 63 249
9 3 77 429 78 551 79 945 3 78 408 79 572 77 362 3 77 19 78 14 79 17 1 80 728 1 80 869 1 80 846 1 60 313 1 64 455 2 62 278 63 247
10 3 81 1335 78 1688 79 919 3 81 1774 78 1476 79 893 3 81 334 78 478 79 323 1 82 590 1 82 2647 1 82 2737 1 60 477 1 64 1064 1 64 151 2 62 317 63 364
10 3 55 918 56 739 57 1613 3 55 1127 56 924 57 542 3 55 1267 56 704 57 795 3 55 1216 56 2338 57 2820 3 55 1699 56 1036 57 1666 3 55 1432 56 1580 57 1790 1 60 186 1 61 518 1 76 559 2 62 253 63 429
9 3 55 1049 56 1007 57 926 3 55 882 56 768 57 621 3 55 1143 56 845 57 581 3 55 1388 56 1295 57 2467 3 55 1892 56 1541 57 2021 3 55 1359 56 1342 57 2555 1 60 155 1 61 993 2 62 516 63 202
9 3 55 1007 56 1086 57 1625 3 55 439 56 845 57 1003 3 55 733 56 1240 57 599 3 55 1297 56 1144 57 2054 3 55 1774 56 1329 57 2187 3 55 1455 56 2157 57 2617 1 60 107 1 61 919 2 62 316 63 263
9 3 55 668 56 975 57 1037 3 55 952 56 1026 57 436 3 55 1297 56 888 57 697 3 55 2391 56 2865 57 1139 3 55 2565 56 2568 57 1707 3 55 2370 56 2314 57 2381 1 60 194 1 61 444 2 62 532 63 209
10 3 77 502 78 587 79 361 3 78 482 79 665 77 671 3 77 164 78 118 79 200 1 80 519 1 80 1433 1 80 1173 1 60 425 1 64 929 1 64 339 2 62 104 63 114
9 3 77 876 78 632 79 614 3 78 750 79 379 77 406 3 77 24 78 22 79 9 1 80 378 1 80 2166 1 80 705 1 60 278 1 64 561 2 62 270 63 252
9 3 55 1561 56 683 57 1311 3 55 458 56 1128 57 864 3 55 918 56 934 57 1263 3 55 1857 56 3152 57 1462 3 55 2217 56 2568 57 2719 3 55 1876 56 2646 57 1079 1 60 74 1 61 845 2 62 274 63 498
9 3 55 1611 56 777 57 995 3 55 579 56 1221 57 871 3 55 598 56 1313 57 1155 3 55 3151 56 1143 57 2026 3 55 2232 56 1595 57 2106 3 55 2073 56 2263 57 1405 1 60 196 1 61 661 2 62 538 63 321
9 3 55 1551 56 691 57 709 3 55 1191 56 713 57 461 3 55 712 56 510 57 614 3 55 1313 56 2850 57 1262 3 55 1010 56 2247 57 1923 3 55 1257 56 2325 57 1274 1 60 190 1 61 478 2 62 491 63 306
9 3 55 1605 56 899 57 1657 3 55 826 56 890 57 1137 3 55 1290 56 1310 57 606 3 55 2877 56 1628 57 2049 3 55 2450 56 2424 57 1023 3 55 2702 56 1170 57 2796 1 60 120 1 61 573 2 62 475 63 379
4 1 83 481 2 78 952 79 897 2 78 2999 79 1814 1 84 146
6 14 8 195 9 135 10 231 11 106 12 240 13 227 14 96 15 107 16 219 17 148 18 161 19 130 74 129 75 192 14 8 169 9 251 10 269 11 241 12 172 13 125 14 178 15 264 16 246 17 167 18 201 19 214 74 154 75 261 2 29 107 30 90 2 29 222 30 213 2 29 39 30 76 2 29 277 30 301
6 14 8 200 9 115 10 84 11 142 12 174 13 155 14 212 15 174 16 182 17 120 18 236 19 211 74 103 75 158 14 8 186 9 127 10 154 11 252 12 206 13 221 14 281 15 224 16 273 17 197 18 310 19 242 74 146 75 174 2 29 159 30 150 2 29 175 30 169 2 29 38 30 42 2 29 136 30 245
4 1 60 213 1 61 982 1 76 292 2 62 198 63 486
4 1 60 424 1 64 874 1 64 341 2 62 127 63 145
6 14 8 208 9 128 10 178 11 183 12 201 13 136 14 170 15 126 16 197 17 217 18 204 19 96 74 175 75 156 14 8 234 9 134 10 266 11 304 12 271 13 264 14 121 15 108 16 310 17 281 18 275 19 261 74 292 75 235 2 29 158 30 100 2 29 154 30 125 2 29 55 30 73 2 29 183 30 301
8 3 55 765 56 569 57 969 3 55 1200 56 704 57 837 3 55 1732 56 3097 57 2733 3 55 2478 56 2536 57 2305 3 55 1212 56 1494 57 2198 1 60 167 1 61 536 2 62 268 63 337
4 1 80 1111 1 60 250 1 64 770 2 62 230 63 219
9 3 81 975 78 1765 79 1495 3 81 970 78 1324 79 1743 3 81 372 78 504 79 408 1 82 715 1 82 1731 1 82 2218 1 60 650 1 64 1173 2 62 228 63 151
4 2 85 1365 86 2500 1 60 418 1 61 969 2 62 167 63 164
4 2 85 4445 86 3974 1 60 304 1 61 603 2 62 170 63 391
5 2 85 1247 86 2853 2 85 4353 86 4303 1 60 226 1 61 453 2 62 222 63 196
5 2 85 3832 86 4682 2 85 4559 86 2903 1 60 492 1 61 853 2 62 248 63 256
4 2 87 688 88 838 2 87 796 88 786 2 87 396 88 425 1 89 105
4 2 90 3351 91 5350 1 60 227 1 61 666 2 62 342 63 165
4 2 87 766 88 638 2 87 768 88 1250 2 87 878 88 652 1 89 294
4 2 90 5329 91 5489 1 60 367 1 61 623 2 62 207 63 320
4 2 87 502 88 805 2 87 1062 88 692 2 87 372 88 374 1 89 237
5 2 90 1699 91 3946 2 90 2891 91 4332 1 60 501 1 61 517 2 62 225 63 166
4 2 87 680 88 662 2 87 973 88 596 2 87 512 88 719 1 89 286
5 2 90 3118 91 2794 2 90 2925 91 5249 1 60 279 1 61 742 2 62 451 63 453